11111111111011010101001100110101
11111111111001000011110101000011
11111111111010101100101010111010
00000000000000000000000000000000
00000000011010011001110011100111
00000000101000011001111001111010
00000000011111111011110110001000
00000000000000000000000000000000
11111110100110001100011010111100
11111101101101111010110000100110
11111110000011000001100011110000
00000000000000000000000000000000
00000100101001111111010110101111
00001001110000011110001111000110
00001101111100001101110111110100
00010000000000000000000000000000
00001101111100001101110111110100
00001001110000011110001111000110
00000100101001111111010110101111
00000000000000000000000000000000
11111110000011000001100011110000
11111101101101111010110000100110
11111110100110001100011010111100
00000000000000000000000000000000
00000000011111111011110110001000
00000000101000011001111001111010
00000000011010011001110011100111
00000000000000000000000000000000
11111111111010101100101010111010
11111111111001000011110101000011
11111111111011010101001100110101
00000000000000000000000000000000