11111111111100001001010010011001
11111111111001100011010000011111
11111111111001001101101111111010
11111111111011100000100100010100
00000000000000000000000000000000
00000000010101101011110110001111
00000000100101000101111100011011
00000000101000000001000011000010
00000000011011010000010101010001
00000000000000000000000000000000
11111110110111000001001110010111
11111101111101010111000101111010
11111101101011000011100101110100
11111110010011010100001001010001
00000000000000000000000000000000
00000011101001011010110100101100
00000111110000000000011001110100
00001011100111011011001111110010
00001110100011011110101011101111
00010000000000000000000000000000
00001110100011011110101011101111
00001011100111011011001111110010
00000111110000000000011001110100
00000011101001011010110100101100
00000000000000000000000000000000
11111110010011010100001001010001
11111101101011000011100101110100
11111101111101010111000101111010
11111110110111000001001110010111
00000000000000000000000000000000
00000000011011010000010101010001
00000000101000000001000011000010
00000000100101000101111100011011
00000000010101101011110110001111
00000000000000000000000000000000
11111111111011100000100100010100
11111111111001001101101111111010
11111111111001100011010000011111
11111111111100001001010010011001
00000000000000000000000000000000