00000000000000001010111101000000
00000000000000001100100100001111
00000000000000001110010001010010
00000000000000010000000100000100
00000000000000010001111100011011
00000000000000010011111010001110
00000000000000010101111101001111
00000000000000011000000101010001
00000000000000011010010010000010
00000000000000011100100011010000
00000000000000011110111000100110
00000000000000100001010001101011
00000000000000100011101110000110
00000000000000100110001101011011
00000000000000101000101111001100
00000000000000101011010010111000
00000000000000101101110111111101
00000000000000110000011101110101
00000000000000110011000011111001
00000000000000110101101001011111
00000000000000111000001101111101
00000000000000111010110000100100
00000000000000111101010000100110
00000000000000111111101101010000
00000000000001000010000101110000
00000000000001000100011001010000
00000000000001000110100110111011
00000000000001001000101101111001
00000000000001001010101101010000
00000000000001001100100100000101
00000000000001001110010001011101
00000000000001001111110100011100
00000000000001010001001100000101
00000000000001010010010111011000
00000000000001010011010101011000
00000000000001010100000101000111
00000000000001010100100101100101
00000000000001010100110101110011
00000000000001010100110100110100
00000000000001010100100001101000
00000000000001010011111011010010
00000000000001010011000000110111
00000000000001010001110001011001
00000000000001010000001100000000
00000000000001001110001111110001
00000000000001001011111011110101
00000000000001001001001111010111
00000000000001000110001001100100
00000000000001000010101001101001
00000000000000111110101110111001
00000000000000111010011000100111
00000000000000110101100110001001
00000000000000110000010110111010
00000000000000101010101010010101
00000000000000100100011111111100
00000000000000011101110111010000
00000000000000010110101111111011
00000000000000001111001001100111
00000000000000000111000100000011
11111111111111111110011111000010
11111111111111110101011010011100
11111111111111101011110110001100
11111111111111100001110010010100
11111111111111010111001110110111
11111111111111001100001100000000
11111111111111000000101001111101
11111111111110110100101001000001
11111111111110101000001001100101
11111111111110011011001100000100
11111111111110001101110001000000
11111111111101111111111001000001
11111111111101110001100100110011
11111111111101100010110101000101
11111111111101010011101010101101
11111111111101000100000110100110
11111111111100110100001001101110
11111111111100100011110101001010
11111111111100010011001010000001
11111111111100000010001001100001
11111111111011110000110100111011
11111111111011011111001101100101
11111111111011001101010100111000
11111111111010111011001100010010
11111111111010101000110101010100
11111111111010010110010001100101
11111111111010000011100010101011
11111111111001110000101010010100
11111111111001011101101010001110
11111111111001001010100100001011
11111111111000110111011001111111
11111111111000100100001101100001
11111111111000010001000000101001
11111111110111111101110101010001
11111111110111101010101101010110
11111111110111010111101010110101
11111111110111000100101111101100
11111111110110110001111101111010
11111111110110011111010111011110
11111111110110001100111110011000
11111111110101111010110100100111
11111111110101101000111100001001
11111111110101010111010110111101
11111111110101000110000110111111
11111111110100110101001110001010
11111111110100100100101110011010
11111111110100010100101001100100
11111111110100000101000001011111
11111111110011110101110111111110
11111111110011100111001110110000
11111111110011011001000111100010
11111111110011001011100011111111
11111111110010111110100101101011
11111111110010110010001110001000
11111111110010100110011110110101
11111111110010011011011001001010
11111111110010010000111110011101
11111111110010000111001111111100
11111111110001111110001110110011
11111111110001110101111100000111
11111111110001101110011000111000
11111111110001100111100110000001
11111111110001100001100100010110
11111111110001011100010100100111
11111111110001010111110111011011
11111111110001010100001101010110
11111111110001010001010110110101
11111111110001001111010100001101
11111111110001001110000101101111
00001111110001001101101011100011
11111111110001001110000101101111
11111111110001001111010100001101
11111111110001010001010110110101
11111111110001010100001101010110
11111111110001010111110111011011
11111111110001011100010100100111
11111111110001100001100100010110
11111111110001100111100110000001
11111111110001101110011000111000
11111111110001110101111100000111
11111111110001111110001110110011
11111111110010000111001111111100
11111111110010010000111110011101
11111111110010011011011001001010
11111111110010100110011110110101
11111111110010110010001110001000
11111111110010111110100101101011
11111111110011001011100011111111
11111111110011011001000111100010
11111111110011100111001110110000
11111111110011110101110111111110
11111111110100000101000001011111
11111111110100010100101001100100
11111111110100100100101110011010
11111111110100110101001110001010
11111111110101000110000110111111
11111111110101010111010110111101
11111111110101101000111100001001
11111111110101111010110100100111
11111111110110001100111110011000
11111111110110011111010111011110
11111111110110110001111101111010
11111111110111000100101111101100
11111111110111010111101010110101
11111111110111101010101101010110
11111111110111111101110101010001
11111111111000010001000000101001
11111111111000100100001101100001
11111111111000110111011001111111
11111111111001001010100100001011
11111111111001011101101010001110
11111111111001110000101010010100
11111111111010000011100010101011
11111111111010010110010001100101
11111111111010101000110101010100
11111111111010111011001100010010
11111111111011001101010100111000
11111111111011011111001101100101
11111111111011110000110100111011
11111111111100000010001001100001
11111111111100010011001010000001
11111111111100100011110101001010
11111111111100110100001001101110
11111111111101000100000110100110
11111111111101010011101010101101
11111111111101100010110101000101
11111111111101110001100100110011
11111111111101111111111001000001
11111111111110001101110001000000
11111111111110011011001100000100
11111111111110101000001001100101
11111111111110110100101001000001
11111111111111000000101001111101
11111111111111001100001100000000
11111111111111010111001110110111
11111111111111100001110010010100
11111111111111101011110110001100
11111111111111110101011010011100
11111111111111111110011111000010
00000000000000000111000100000011
00000000000000001111001001100111
00000000000000010110101111111011
00000000000000011101110111010000
00000000000000100100011111111100
00000000000000101010101010010101
00000000000000110000010110111010
00000000000000110101100110001001
00000000000000111010011000100111
00000000000000111110101110111001
00000000000001000010101001101001
00000000000001000110001001100100
00000000000001001001001111010111
00000000000001001011111011110101
00000000000001001110001111110001
00000000000001010000001100000000
00000000000001010001110001011001
00000000000001010011000000110111
00000000000001010011111011010010
00000000000001010100100001101000
00000000000001010100110100110100
00000000000001010100110101110011
00000000000001010100100101100101
00000000000001010100000101000111
00000000000001010011010101011000
00000000000001010010010111011000
00000000000001010001001100000101
00000000000001001111110100011100
00000000000001001110010001011101
00000000000001001100100100000101
00000000000001001010101101010000
00000000000001001000101101111001
00000000000001000110100110111011
00000000000001000100011001010000
00000000000001000010000101110000
00000000000000111111101101010000
00000000000000111101010000100110
00000000000000111010110000100100
00000000000000111000001101111101
00000000000000110101101001011111
00000000000000110011000011111001
00000000000000110000011101110101
00000000000000101101110111111101
00000000000000101011010010111000
00000000000000101000101111001100
00000000000000100110001101011011
00000000000000100011101110000110
00000000000000100001010001101011
00000000000000011110111000100110
00000000000000011100100011010000
00000000000000011010010010000010
00000000000000011000000101010001
00000000000000010101111101001111
00000000000000010011111010001110
00000000000000010001111100011011
00000000000000010000000100000100
00000000000000001110010001010010
00000000000000001100100100001111
00000000000000001010111101000000
